
9 /t16 /t44 /t60 /t63 /t
7 /t23 /t36 /t58 /t64 /t
8 /t20 /t0 /t49 /t70 /t
4 /t19 /t34 /t59 /t65 /t
14 /t25 /t37 /t53 /t61 /t

9 	16 	44 	60 	63 	
7 	23 	36 	58 	64 	
8 	20 	0 	49 	70 	
4 	19 	34 	59 	65 	
14 	25 	37 	53 	61 	

6, 40, 4, 38, 32, 57, 39, 41, 18, 52, 64, 47, 51, 19, 63, 49, 44, 33, 34, 13, 50, 31, 22, 37, 60, 69, 11, 53, 7, 10, 30, 61, 36, 8, 62, 72, 1, 45, 9, 23, 28, 46, 17, 59, 16, 2, 29, 43, 3, 15, 74, 48, 70, 58, 75, 14, 20, 73, 55, 56, 21, 54, 24, 71, 12, 35, 27, 26, 66, 67, 42, 68, 5, 25, 65, 